chromosome	start	end	log2
chr6	73520747	73520946	-0.860805751132794
chr6	73520797	73520996	-1.04974416322807
chr6	73520847	73521046	-0.740778313796003
chr6	73520897	73521096	1.06909680505657
chr6	73520947	73521146	3.32736315384631
chr6	73520997	73521196	3.32393961991641
chr6	73521047	73521246	2.12526007276628
chr6	73521097	73521296	1.4341173349863
chr6	73521147	73521346	1.13231825277343
chr6	73521197	73521396	0.930223996836322
chr6	73521247	73521446	1.40617014048478
chr6	73521297	73521496	0.164882210572285
chr6	73521347	73521546	0.109635512916109
chr6	73521397	73521596	0.593394601514928
chr6	73521447	73521646	0.989066775510962
chr6	73521497	73521696	0.420838014774147
chr6	73521547	73521746	0.0175619895729492
chr6	73521597	73521796	0.687684526615949
chr6	73521647	73521846	-0.254440342643847
chr6	73521697	73521896	0.0259423266644367
chr6	73521747	73521946	-0.0641246146327968
chr6	73521797	73521996	-0.929583185551761
chr6	73521847	73522046	-1.23063267921063
chr6	73521897	73522096	-1.82013892479406
chr6	73521947	73522146	-2.07526019008455
chr6	73521997	73522196	-1.97702853510241
chr6	73522047	73522246	-1.61698835626398
chr6	73522097	73522296	-1.72205147431642
chr6	73522147	73522346	-1.58778202426989
chr6	73522197	73522396	-0.444277441225624
chr6	73522247	73522446	0.0635193016695651
chr6	73522297	73522496	-1.31646743551488
chr6	73522347	73522546	-0.357833683427344
chr6	73522397	73522596	-0.647303220584478
chr6	73522447	73522646	-0.0954052831127517
chr6	73522497	73522696	-0.68387191334796
chr6	73522547	73522746	-0.705592492967215
chr6	73522597	73522796	-0.630299558798399
chr6	73522647	73522846	-0.795032090173816
chr6	73522697	73522896	-1.21893306256019
chr6	73522747	73522946	-0.526657409844223
chr6	73522797	73522996	-0.216837108586135
chr6	73522847	73523046	-0.423136619866857
chr6	73522897	73523096	-0.34549716496105
chr6	73522947	73523146	-1.1623203613449
chr6	73522997	73523196	-1.07612359842505
chr6	73523047	73523246	-0.675468582106439
chr6	73523097	73523296	-0.965198803360897
chr6	73523147	73523346	-0.568736599737507
chr6	73523197	73523396	-0.78370171452419
chr6	73523247	73523446	-1.16013358283362
chr6	73523297	73523496	-0.419081958613639
chr6	73523347	73523546	0.111761574138979
chr6	73523397	73523596	-0.24373327944167
chr6	73523447	73523646	-0.320869211199862
chr6	73523497	73523696	-0.223842324763155
chr6	73523547	73523746	1.72425475619684
chr6	73523597	73523796	0.268227928473404
chr6	73523647	73523846	-0.0842413738026763
chr6	73523697	73523896	0.217456183310184
chr6	73523747	73523946	0.462987199837354
chr6	73523797	73523996	0.797783049454665
chr6	73523847	73524046	0.724484161823916
chr6	73523897	73524096	-0.404222271403788
chr6	73523947	73524146	-1.72471146837127
chr6	73523997	73524196	-2.00665018392823
chr6	73524047	73524246	-1.59819245435448
chr6	73524097	73524296	-1.00681653009461
chr6	73524147	73524346	-1.01693569429315
chr7	5528695	5528894	-0.435728082603557
chr7	5528745	5528944	-1.57311367058258
chr7	5528795	5528994	-2.48552297456593
chr7	5528845	5529044	-1.5308231029796
chr7	5528895	5529094	-1.00044246561736
chr7	5528945	5529144	-0.478487576200195
chr7	5528995	5529194	-0.100963273482329
chr7	5529045	5529244	0.120768721464934
chr7	5529095	5529294	-0.693367010899127
chr7	5529145	5529344	-0.965235113378834
chr7	5529195	5529394	-0.641892486284846
chr7	5529245	5529444	-0.345649648937234
chr7	5529295	5529494	-0.291492598401328
chr7	5529345	5529544	-0.359141897105475
chr7	5529395	5529594	0.074786249019581
chr7	5529445	5529644	-1.09499753092366
chr7	5529495	5529694	-0.915584103475516
chr7	5529545	5529744	0.338258267968183
chr7	5529595	5529794	0.223370498900226
chr7	5529645	5529844	2.20021349785046
chr7	5529695	5529894	3.47018960648763
chr7	5529995	5530194	1.88361543612149
chr7	5530045	5530244	1.49128879382365
chr7	5530095	5530294	1.53307805625783
chr7	5530195	5530394	-1.49223279395785
chr7	5530495	5530694	2.42533460294623
chr7	5530545	5530744	3.78455029986102
chrX	12974281	12974480	-1.20730559268931
chrX	12974331	12974530	-0.514861010574225
chrX	12974381	12974580	-0.396250513071461
chrX	12974431	12974630	0.298775580295373
chrX	12974481	12974680	0.774414222977193
chrX	12974531	12974730	0.786253496860734
chrX	12974581	12974780	0.421173533774132
chrX	12974631	12974830	-0.292697909060611
chrX	12974681	12974880	-1.53123379048591
chrX	12974731	12974930	-1.56431990623475
chrX	12974781	12974980	-1.33818492334403
chrX	12974831	12975030	-1.30597460455723
chrX	12974881	12975080	1.83743099522774
chrX	12974931	12975130	1.77679356134389
chrX	12974981	12975180	1.653504807748
chrX	12975031	12975230	1.22040321915798
chrX	12975081	12975280	0.0467244338897582
chrX	12975131	12975330	-0.273063333353994
chrX	12975181	12975380	-0.316638649333736
chrX	12975231	12975430	-1.41742261608265
chrX	12975281	12975480	-1.40051699369535
chrX	12975331	12975530	-1.31749780322673
chrX	12975381	12975580	-0.671934156718761
chrX	12975431	12975630	-0.530655813540115
chrX	12975481	12975680	-0.264507460346067
chrX	12975531	12975730	-0.439087474597431
chrX	12975581	12975780	-0.172090129232603
chrX	12975631	12975830	-1.25481692421446
chrX	12975681	12975880	-0.165892552754085
chrX	12975731	12975930	-0.366347404432043
chrX	12975781	12975980	-1.31458957922507
chrX	12975831	12976030	-0.237639300449234
chrX	12975881	12976080	-0.00996534494639332
chrX	12975931	12976130	-0.200691527104956
chrX	12975981	12976180	-0.474046586935876
chrX	12976031	12976230	-0.193294562961237
chrX	12976081	12976280	-0.515870884706743
chrX	12976131	12976330	0.0937601788394485
chrX	12976181	12976380	0.113434135175136
chrX	12976231	12976430	0.375726467516061
chrX	12976281	12976480	1.27362237284198
chrX	16785293	16785492	-0.723530079514436
chrX	16785343	16785542	-0.66673337489689
chrX	16785393	16785592	-0.761169256896407
chrX	16785443	16785642	-1.24436890251017
chrX	16785493	16785692	-1.94487282852966
chrX	16785543	16785742	-1.19590807600692
chrX	16785593	16785792	-2.1656484456009
chrX	16785643	16785842	-1.84099363977632
chrX	16785693	16785892	-0.76236369989722
chrX	16785743	16785942	-0.852329687701457
chrX	16785793	16785992	-0.911047549249187
chrX	16785843	16786042	-1.22855695785004
chrX	16785893	16786092	-0.673816605291183
chrX	16785943	16786142	-0.421006541801484
chrX	16785993	16786192	-0.595473172795582
chrX	16786043	16786242	-0.121633916542283
chrX	16786093	16786292	1.03341290994713
chrX	16786143	16786342	0.78598106958417
chrX	16786193	16786392	1.70424319111467
chrX	16786243	16786442	2.00092826860024
chrX	16786293	16786492	1.67824052975716
chrX	16786343	16786542	1.75139462164784
chrX	16786393	16786592	0.457951152059256
chrX	16786443	16786642	-0.629459244850606
chrX	16786493	16786692	-0.174873875273859
chrX	16786543	16786742	0.17303581819292
chrX	16786593	16786792	-0.691296994358907
chrX	16786643	16786842	-1.49353327197054
chrX	16786693	16786892	-1.04224856059471
chrX	16786743	16786942	-1.70825282413186
chrX	16786793	16786992	-1.20081192109823
chrX	16787143	16787342	-1.58054316927497
chrX	16787193	16787392	0.0873907188587958
chrX	16787243	16787442	-0.643962261025595
chrX	16787293	16787492	-1.34087253984786
chrX	16787343	16787542	-0.510056526587392
chrX	16787393	16787592	-1.19689926936415
chrX	16787443	16787642	0.861284443944142
chrX	16787493	16787692	-0.12060712680619
chrX	16787543	16787742	0.0220093754121188
chrX	16787593	16787792	-0.470016521284134
chrX	16787643	16787842	-0.837971678939995
chrX	16787693	16787892	-0.853555414233645
chrX	16787743	16787942	-1.09134362848145
chrX	16787793	16787992	-1.11159955102419
chrX	16787843	16788042	-0.351671834552413
chrX	16787893	16788092	-0.212381417823681
chrX	20138961	20139160	-0.621581099420738
chrX	20139011	20139210	-1.17441768578776
chrX	20139061	20139260	-1.14051008128845
chrX	20139111	20139310	-1.44967710864803
chrX	20139161	20139360	-1.29820584512743
chrX	20139211	20139410	-0.914797167432847
chrX	20139261	20139460	-1.48716761170098
chrX	20139311	20139510	-0.396610665648127
chrX	20139361	20139560	-0.475774555385974
chrX	20139411	20139610	-0.648106386176226
chrX	20139461	20139660	-1.06536956273189
chrX	20139511	20139710	-1.43773638164468
chrX	20139561	20139760	-1.00340736941477
chrX	20139611	20139810	-0.804144256732119
chrX	20139661	20139860	-0.317303132098887
chrX	20139711	20139910	-0.902426742865232
chrX	20139761	20139960	0.137069411985161
chrX	20139811	20140010	-2.39733977048931
chrX	20139861	20140060	-2.17876613926484
chrX	20139911	20140110	-1.63376741857361
chrX	20139961	20140160	-0.472911673116893
chrX	20140011	20140210	0.542015524688074
chrX	20140061	20140260	0.530116411005908
chrX	20140111	20140310	-0.642796997118276
chrX	20140161	20140360	0.101468910022838
chrX	20140211	20140410	0.403417426296116
chrX	20140261	20140460	-1.03617103319226
chrX	20140311	20140510	-0.0680541056251038
chrX	20140361	20140560	0.128621567515463
chrX	20140411	20140610	-1.09118969138032
chrX	20140461	20140660	-1.07116640484385
chrX	20140511	20140710	-0.939736981564798
chrX	20140561	20140760	-0.34622147852254
chrX	20140611	20140810	0.13166527143725
chrX	20140661	20140860	-0.605756287515309
chrX	20140711	20140910	-0.304255753474531
chrX	20140761	20140960	-0.91666773277609
chrX	20140811	20141010	-1.22372192821023
chrX	20140861	20141060	-0.18865823007076
chrX	20140911	20141110	-0.215529699668208
chrX	20140961	20141160	-0.233086420461357
chrX	20141011	20141210	-0.366727214162681
chrX	20141061	20141260	-0.88750208630564
chrX	20141111	20141310	-1.28958233195658
chrX	20141161	20141360	-1.02115122994382
chrX	20141211	20141410	-1.47940706476
chrX	20141261	20141460	-0.680914328527764
chrX	20141311	20141510	0.304214433302248
chrX	20141361	20141560	0.124922090940534
chrX	20141411	20141610	0.59820463655687
chrX	20141461	20141660	-0.346649342929739
chrX	20141511	20141710	-0.477884422710668
chrX	20141561	20141760	-0.263421099371246
chrX	20141611	20141810	-0.181814897076184
chrX	20141661	20141860	0.132236610794467
chrX	20141711	20141910	1.62029131522361
chrX	20141761	20141960	1.82354095119408
chrX	20141811	20142010	1.98210801245162
chrX	20141861	20142060	1.91062289382479
chrX	20141911	20142110	1.81985535614547
chrX	20141961	20142160	1.6471356218707
chrX	20142011	20142210	1.86528000353272
chrX	20142061	20142260	-0.0501288909562639
chrX	20142111	20142310	-1.00704176894234
chrX	20142161	20142360	-0.0858337635044988
chrX	20142211	20142410	-0.683133776869694
chrX	20142261	20142460	-0.162896981377862
chrX	20142311	20142510	-0.215492955711284
chrX	20142361	20142560	-0.409748591566376
chrX	20142411	20142610	0.0416682897689856
chrX	20142461	20142660	-0.56726586626352
chrX	20142511	20142710	-0.751367696961697
chrX	20142561	20142760	-0.427034898618533
chrX	20142611	20142810	-0.508021475961379
chrX	20142661	20142860	-0.334966765056033
chrX	20142711	20142910	-0.452666036715812
chrX	20142761	20142960	-0.690586260139787
chrX	20142811	20143010	-1.56152668155767
chrX	20142861	20143060	-2.17913114548193
chrX	24146000	24146199	-0.317854219361187
chrX	24146050	24146249	-1.87552730801827
chrX	24146100	24146299	-0.996739685507227
chrX	24146150	24146349	-1.35149512546725
chrX	24146200	24146399	-0.230466718091277
chrX	24146250	24146449	-0.476832284922993
chrX	24146300	24146499	-0.610827589919424
chrX	24146350	24146549	-0.240576760452727
chrX	24146400	24146599	-0.496123756657742
chrX	24146450	24146649	-1.20239242170866
chrX	24146500	24146699	-0.141904711825178
chrX	24146550	24146749	0.41017368143848
chrX	24146600	24146799	0.201812472239005
chrX	24146650	24146849	-0.431319811130756
chrX	24146700	24146899	-1.02524748028494
chrX	24146750	24146949	-1.84127749312297
chrX	24146800	24146999	-1.32891932560096
chrX	24146850	24147049	-1.52334419855353
chrX	24146900	24147099	-0.280132958829388
chrX	24146950	24147149	-1.24846840776953
chrX	24147000	24147199	-1.21106098622264
chrX	24147050	24147249	-1.36791727732681
chrX	24147100	24147299	-1.09107875487048
chrX	24147150	24147349	-2.22713285671652
chrX	24147200	24147399	-0.00925280694376243
chrX	24147250	24147449	-1.31890352873071
chrX	24147300	24147499	-1.14455056732163
chrX	24147350	24147549	-0.243610728775521
chrX	24147400	24147599	-0.168994228892727
chrX	24147450	24147649	-0.152087280736943
chrX	24147500	24147699	-0.285562524802631
chrX	24147550	24147749	-1.47637594344018
chrX	24147600	24147799	-0.180538379875615
chrX	24147650	24147849	-0.410160545441876
chrX	24147700	24147899	-0.767638318747092
chrX	24147750	24147949	-0.800457693739158
chrX	24147800	24147999	-0.357864682900346
chrX	24147850	24148049	-0.598807440556181
chrX	24147900	24148099	-1.16428547745637
chrX	24147950	24148149	-1.19511982489015
chrX	24148000	24148199	-0.313951822827828
chrX	24148050	24148249	-0.530465936213648
chrX	24148100	24148299	-0.746350516460292
chrX	24148150	24148349	-0.271906285560738
chrX	24148200	24148399	0.284701122642652
chrX	24148250	24148449	-1.14405421677194
chrX	24148300	24148499	-1.24609349677803
chrX	24148350	24148549	-1.55464228029387
chrX	24148400	24148599	-0.376580593054946
chrX	24148450	24148649	-2.09451717417916
chrX	24148500	24148699	-0.488680959633837
chrX	24148550	24148749	-1.66747271776718
chrX	24148600	24148799	-1.03495473230933
chrX	24148650	24148849	0.642394852512017
chrX	24148700	24148899	0.486643002745115
chrX	24148750	24148949	0.874665572986833
chrX	24148800	24148999	-1.02765906150176
chrX	24148850	24149049	-1.08872380722028
chrX	24148900	24149099	-1.93269234524199
chrX	24148950	24149149	-1.14211338095165
chrX	24149000	24149199	-1.88493115033504
chrX	24149050	24149249	-0.872838737255132
chrX	24149100	24149299	-0.502847266999491
chrX	24149450	24149649	-0.665301908782911
chrX	24149500	24149699	0.525397552969849
chrX	24149550	24149749	1.26756322658785
chrX	24149600	24149799	1.24806955376175
chrX	24150050	24150249	-1.49161093080383
chrX	24150400	24150599	0.757779027473704
chrX	24150450	24150649	0.278880343285053
chrX	24150500	24150699	-0.0852588754747451
chrX	24150550	24150749	-0.381674475323975
chrX	24150600	24150799	-1.09005563132357
chrX	24150650	24150849	-1.13746121961003
chrX	24150700	24150899	-0.362665722787937
chrX	24150750	24150949	-0.387496533580768
chrX	24150800	24150999	-0.71898314373945
chrX	24150850	24151049	-0.836305378446437
chrX	24150900	24151099	-1.01786464683695
chrX	24150950	24151149	-0.447219948540435
chrX	24151000	24151199	-1.16064597313281
chrX	24151050	24151249	-0.898077505136777
chrX	24151100	24151299	-0.76007888295833
chrX	24151150	24151349	-0.560466595003291
chrX	24151200	24151399	-0.944460952764585
chrX	24151250	24151449	-1.80930495053093
chrX	24151300	24151499	-1.25883268344624
chrX	24151350	24151549	-1.74883789241279
chrX	24151400	24151599	-1.97524795900315
chrX	24151450	24151649	-2.17480967959565
chrX	24151500	24151699	-0.0581287309944972
chrX	24151550	24151749	-0.0054038925343793
chrX	24151600	24151799	-0.253568724799406
chrX	24151650	24151849	-0.113206097671946
chrX	24151700	24151899	-0.851367481162619
chrX	24151750	24151949	-0.912781863880446
chrX	24151800	24151999	-1.13633995470804
chrX	24151850	24152049	-1.08278418341587
chrX	24151900	24152099	-1.47660254198053
chrX	24151950	24152149	-1.11093903533432
chrX	24152000	24152199	-0.0113805625690213
chrX	24152050	24152249	-0.622574666487895
chrX	24152100	24152299	-0.536635618855169
chrX	24152150	24152349	-0.742686855857258
chrX	24152200	24152399	-0.379028333006673
chrX	24152250	24152449	-0.844201369606732
chrX	24152300	24152499	-1.64657225050756
chrX	24152350	24152549	-0.283640983570418
chrX	24152400	24152599	-1.54230655165475
chrX	24152450	24152649	-1.47247749170561
chrX	24152500	24152699	-1.63687623700187
chrX	24152550	24152749	-0.444046637161712
chrX	24152600	24152799	0.118436859158704
chrX	24152650	24152849	-1.71816189890624
chrX	24152700	24152899	-1.7927542504532
chrX	24152750	24152949	-0.794463350192896
chrX	24152800	24152999	-0.291352612291644
chrX	24152850	24153049	-1.52442997379899
chrX	24152900	24153099	-0.599294825467938
chrX	24152950	24153149	-1.02207511150932
chrX	24153000	24153199	-1.64657769762398
chrX	24153050	24153249	-1.34595338451711
chrX	24153100	24153299	-1.20427993906353
chrX	24153150	24153349	-0.579194466149128
chrX	24153200	24153399	-0.257669213510936
chrX	24153250	24153449	0.0406553121015961
chrX	24153300	24153499	0.000715244520784447
chrX	24153350	24153549	0.151284597974265
chrX	24153400	24153599	-0.633816841230823
chrX	41083351	41083550	0.164147062728869
chrX	41083401	41083600	0.180335324496452
chrX	41083451	41083650	-0.0493005550707299
chrX	41083501	41083700	-1.04790032650557
chrX	41083551	41083750	-1.8238681127418
chrX	41083601	41083800	-2.13819083155942
chrX	41083651	41083850	-1.85697383180172
chrX	41083701	41083900	-1.61130140868088
chrX	41083751	41083950	-1.12614275301778
chrX	41083801	41084000	-0.161860093842317
chrX	41083851	41084050	-0.787300808165817
chrX	41083901	41084100	-1.42156385398516
chrX	41083951	41084150	-0.983156803245089
chrX	41084001	41084200	-1.50404351155295
chrX	41084051	41084250	-0.130348893864371
chrX	41084101	41084300	-0.582925895740615
chrX	41084151	41084350	-0.610948183259802
chrX	41084201	41084400	0.0341500666167816
chrX	41084251	41084450	0.0734393518576111
chrX	41084301	41084500	-0.0868127172807175
chrX	41084351	41084550	1.28382052246287
chrX	41084401	41084600	0.29064964489814
chrX	41084451	41084650	0.129554208249852
chrX	41084501	41084700	0.692830102046605
chrX	41084551	41084750	-0.749561211085265
chrX	41084601	41084800	2.09477946785659
chrX	41084651	41084850	1.58023315887287
chrX	41084701	41084900	1.11765455544777
chrX	41084751	41084950	0.625571837205795
chrX	41084801	41085000	-0.187570019747803
chrX	41084851	41085050	-0.353803064144852
chrX	41084901	41085100	-0.383384578582368
chrX	41084951	41085150	0.0384635347414656
chrX	41085001	41085200	0.759063991005734
chrX	41085051	41085250	0.244136069195617
chrX	41085101	41085300	1.35274641924208
chrX	41085151	41085350	1.49984002680553
chrX	41085201	41085400	1.32147175866224
chrX	41085301	41085500	-1.53122836263666
chrX	41085401	41085600	0.100255402579805
chrX	41085451	41085650	0.269839332491322
chrX	41085501	41085700	0.263012606614664
chrX	41085551	41085750	0.717932579962252
chrX	41085601	41085800	1.67997434161982
chrX	41085651	41085850	0.368646800051512
chrX	41085701	41085900	0.8775187816224
chrX	41085751	41085950	1.10403869958972
chrX	41085801	41086000	0.0999005070987935
chrX	41085851	41086050	0.185684359668734
chrX	41085901	41086100	-0.0469749692893309
chrX	41085951	41086150	-0.364886533927547
chrX	41086001	41086200	0.043614447089019
chrX	41086051	41086250	-0.13265852100113
chrX	41086101	41086300	-0.693819276473778
chrX	41086151	41086350	-1.16695846167835
chrX	41086201	41086400	-0.428876939944692
chrX	41086251	41086450	1.05900646199164
chrX	41086301	41086500	1.18946855690399
chrX	41086451	41086650	0.0928658094972219
chrX	41086501	41086700	-0.308307232291911
chrX	41086551	41086750	-0.67066909929773
chrX	41086601	41086800	-0.987167245795263
chrX	41086651	41086850	-1.21478087325244
chrX	41086701	41086900	-0.920983489787187
chrX	41086751	41086950	-1.73977025900288
chrX	41086801	41087000	-1.23588985241475
chrX	41086851	41087050	-1.90956083890191
chrX	41086901	41087100	-1.89091323972406
chrX	41086951	41087150	-1.4974111701172
chrX	41087001	41087200	-0.636368043552756
chrX	41087051	41087250	-2.00550909126416
chrX	41087101	41087300	-0.547472186242445
chrX	41087151	41087350	-0.969449366460513
chrX	41087201	41087400	-0.837047217422311
chrX	41087251	41087450	-1.34885767636754
chrX	41087301	41087500	-0.730474083194596
chrX	41087351	41087550	-1.24587906152217
chrX	41087401	41087600	-1.06015840415111
chrX	41087451	41087650	-0.0281582528427639
chrX	41087501	41087700	-0.406782526504672
chrX	41087551	41087750	0.136981393246647
chrX	41087601	41087800	-0.836740101860517
chrX	41087651	41087850	-0.518608238604024
chrX	41087701	41087900	-0.713153129927281
chrX	41087751	41087950	-1.08672285302241
chrX	41087801	41088000	-2.05526821810911
chrX	41087851	41088050	0.0890160907943691
chrX	41087901	41088100	0.105252911985119
chrX	41087951	41088150	-0.0932838557209908
chrX	41088001	41088200	-0.390039171114095
chrX	41088051	41088250	-0.431507495202845
chrX	41088101	41088300	-0.692432538070096
chrX	41088151	41088350	-1.10650605864877
chrX	41088201	41088400	-0.434395793498075
chrX	41088251	41088450	-1.16687431724566
chrX	41088301	41088500	-2.02757102250842
chrX	41088351	41088550	-1.99162098002949
chrX	41088401	41088600	-1.72699073013323
chrX	41088451	41088650	-1.80877104102271
chrX	41330524	41330723	-0.187283569791783
chrX	41330574	41330773	-0.458837330036202
chrX	41330624	41330823	-1.00960681833144
chrX	41330674	41330873	-0.667920824550918
chrX	41330724	41330923	0.862338043972258
chrX	41330774	41330973	-0.809626224199272
chrX	41330824	41331023	-0.932431066183113
chrX	41330874	41331073	0.496344373680542
chrX	41330924	41331123	0.274275449720519
chrX	41330974	41331173	0.386815082365782
chrX	41331024	41331223	-0.10463925916187
chrX	41331074	41331273	-0.606611546979404
chrX	41331124	41331323	-0.459727480672725
chrX	41331174	41331373	-1.20488424544644
chrX	41331224	41331423	-1.02235104084015
chrX	41331274	41331473	-0.584044546736638
chrX	41331324	41331523	-1.37596905978768
chrX	41331374	41331573	-0.630212217343165
chrX	41331424	41331623	-1.25028667204948
chrX	41331474	41331673	-1.24122683525469
chrX	41331524	41331723	-0.386620239296734
chrX	41331574	41331773	0.422803981151088
chrX	41331624	41331823	-0.647489531980187
chrX	41331674	41331873	-0.728403361970473
chrX	41331724	41331923	-0.756178710711147
chrX	41331774	41331973	-1.13560979173209
chrX	41331824	41332023	-1.04994195005145
chrX	41331874	41332073	-0.570868495648824
chrX	41331924	41332123	-1.34726294357218
chrX	41331974	41332173	-1.30213907496942
chrX	41332024	41332223	-0.862448464159771
chrX	41332074	41332273	-1.1662313470993
chrX	41332124	41332323	-0.114312690877941
chrX	41332174	41332373	-0.19811984380999
chrX	41332224	41332423	-1.05053041792638
chrX	41332274	41332473	-1.30919104719419
chrX	41332324	41332523	-1.13698410658731
chrX	41332374	41332573	-2.01962924802932
chrX	41332424	41332623	-1.64320327008717
chrX	41332474	41332673	0.0156539300550806
chrX	41332524	41332723	-0.797500735964272
chrX	41332574	41332773	-0.448258798039069
chrX	41332624	41332823	0.170518750528783
chrX	41332674	41332873	-0.0629174160664373
chrX	41332724	41332923	-0.0485399256929008
chrX	41332774	41332973	-0.224509860362
chrX	41332824	41333023	-0.471960007660769
chrX	41332874	41333073	-1.10713164251011
chrX	41332924	41333123	-0.423980604249792
chrX	41332974	41333173	-0.28996051938705
chrX	41333024	41333223	0.923530976488967
chrX	41333074	41333273	0.771959992977745
chrX	41333124	41333323	0.75554981838366
chrX	41333174	41333373	-0.65574631676459
chrX	41333224	41333423	-1.39583424967914
chrX	41333274	41333473	0.230145029491588
chrX	41333324	41333523	1.1323269531669
chrX	41333374	41333573	0.884177894446862
chrX	41333424	41333623	0.914688254077341
chrX	41333474	41333673	0.321500747945454
chrX	41333524	41333723	-0.550231748152681
chrX	41333574	41333773	-0.157175930434367
chrX	41333624	41333823	-0.601624297771378
chrX	41333674	41333873	1.01672760716338
chrX	41333724	41333923	1.00260525971988
chrX	41333774	41333973	0.814863630406552
chrX	41333824	41334023	0.857894141682491
chrX	41333874	41334073	-0.130039211413529
chrX	41333924	41334123	1.63312135720333
chrX	41333974	41334173	1.48238027412267
chrX	41334024	41334223	1.34775923215311
chrX	41334074	41334273	1.64691078674948
chrX	41334124	41334323	-0.152700510831745
chrX	41334174	41334373	-0.355420868896282
chrX	41334224	41334423	-0.38863578640531
chrX	41334274	41334473	-0.894260391406017
chrX	41334324	41334523	-1.4623365747073
chrX	41334374	41334573	0.507481429170541
chrX	41334424	41334623	1.98391924541325
chrX	41334474	41334673	1.34453380610917
chrX	41334524	41334723	0.977152247364885
chrX	41334574	41334773	0.335578370755874
chrX	41334624	41334823	-0.256119735034847
chrX	41334674	41334873	0.687877460983863
chrX	41334724	41334923	-0.177908853762881
chrX	41334774	41334973	-0.947311511611051
chrX	41334824	41335023	-1.09148333292923
chrX	41334874	41335073	1.12223548849608
chrX	41335074	41335273	-0.727960282368302
chrX	41335124	41335323	-1.62903919871053
chrX	41335174	41335373	-0.976215563007126
chrX	41335224	41335423	-2.02476810793028
chrX	41335274	41335473	-1.18785076873361
chrX	41335324	41335523	-1.60946512862013
chrX	41335374	41335573	-1.70014006372675
chrX	41335424	41335623	-1.43805417113185
chrX	41335474	41335673	-0.269552034166306
chrX	41335524	41335723	-0.19972346916027
chrX	41335574	41335773	-0.480240835107367
chrX	41335624	41335823	-0.470462998749075
chrX	41335674	41335873	-1.65421469742575
chrX	41335724	41335923	-1.2006248462393
chrX	41335774	41335973	-1.38736057775356
chrX	41335824	41336023	-2.07656679309975
chrX	41335874	41336073	-1.84663304915851
chrX	41335924	41336123	0.106480849576738
chrX	41335974	41336173	-0.241732614730961
chrX	41336024	41336223	0.515666693494329
chrX	41336074	41336273	-0.484551425571802
chrX	41336124	41336323	-1.80443424975989
chrX	41336174	41336373	-2.07071979362318
chrX	41336224	41336423	-2.09507749611284
chrX	41336274	41336473	-1.38176460148754
chrX	41336324	41336523	-1.80562979329676
chrX	41336374	41336573	-1.44845498471615
chrX	41336424	41336623	-1.41096949538358
chrX	41336474	41336673	-1.52332590197455
chrX	41336524	41336723	-0.0817375201685863
chrX	41336574	41336773	-0.390771564813575
chrX	41336624	41336823	-0.797543811471971
chrX	41336674	41336873	-0.881148229123969
chrX	41336724	41336923	-1.66574936684449
chrX	41336774	41336973	-1.0770774259618
chrX	41336824	41337023	-0.604564949544748
chrX	41336874	41337073	-0.77943296984124
chrX	41336924	41337123	-1.90163516631114
chrX	41336974	41337173	-0.700140207894138
chrX	41337024	41337223	-1.55481383565704
chrX	41337074	41337273	-1.08807197640117
chrX	41337124	41337323	-0.536410735231497
chrX	41337174	41337373	-1.68541211127968
chrX	41337224	41337423	-0.105038432235079
chrX	41337274	41337473	0.0629106986788278
chrX	44871315	44871514	-1.73629279164872
chrX	44871365	44871564	-1.09958622615403
chrX	44871415	44871614	-2.06250939102757
chrX	44871465	44871664	-1.56353950482048
chrX	44871515	44871714	-1.31940583607805
chrX	44871565	44871764	-1.1430550846183
chrX	44871615	44871814	-0.905064596461492
chrX	44871665	44871864	-0.425284550737073
chrX	44871715	44871914	-0.24603639512826
chrX	44871765	44871964	-1.47439010822635
chrX	44871815	44872014	-1.72099236520504
chrX	44871865	44872064	-1.75764220052531
chrX	44871915	44872114	-2.47979453873481
chrX	44871965	44872164	-0.142565790313351
chrX	44872015	44872214	-0.427933306506333
chrX	44872065	44872264	-0.192033418968833
chrX	44872115	44872314	-0.372234760146001
chrX	44872165	44872364	-0.371397638529692
chrX	44872215	44872414	-0.652830404138286
chrX	44872265	44872464	-0.56889988811685
chrX	44872315	44872514	-1.28965632575621
chrX	44872365	44872564	-0.732659466926215
chrX	44872415	44872614	-0.793840760764939
chrX	44872465	44872664	-0.459993703877136
chrX	44872515	44872714	-0.0301946292362254
chrX	44872565	44872764	-0.541041371126572
chrX	44872715	44872914	-0.605094662887846
chrX	44872765	44872964	-0.157932945884457
chrX	44872815	44873014	0.744409120086516
chrX	44872865	44873064	1.52364480714122
chrX	44872915	44873114	1.93019269936759
chrX	44872965	44873164	2.23756392109349
chrX	44873015	44873214	1.45087108377156
chrX	44873065	44873264	0.73379103836202
chrX	44873115	44873314	0.422507077528688
chrX	44873165	44873364	-0.487902389265987
chrX	44873365	44873564	0.161030963220933
chrX	44873415	44873614	0.0460782400331497
chrX	44873465	44873664	-0.0868080167826208
chrX	44873515	44873714	-0.0147598053563685
chrX	44873565	44873764	0.0890346723860147
chrX	44873615	44873814	0.00963293209952919
chrX	44873715	44873914	-2.26361459053949
chrX	44873765	44873964	0.596261200125637
chrX	44873815	44874014	-0.342733371067355
chrX	44873865	44874064	-0.258596859418311
chrX	44873915	44874114	-0.501324213531884
chrX	44873965	44874164	-1.60572806248822
chrX	44874015	44874214	-0.274758270978992
chrX	44874065	44874264	-0.42403251609388
chrX	44874115	44874314	-0.279566050042322
chrX	44874165	44874364	-0.860712711440543
chrX	44874215	44874414	0.0350274515571479
chrX	44874265	44874464	-1.25003698647802
chrX	44874315	44874514	-0.941476584267306
chrX	44874365	44874564	-2.0423067228959
chrX	44874415	44874614	-1.77399019341213
chrX	44874465	44874664	-0.345901481734579
chrX	44874515	44874714	-0.573030840297507
chrX	44874565	44874764	-1.05869209247052
chrX	44874615	44874814	0.56483917677747
chrX	44874665	44874864	-0.149815520326358
chrX	44874715	44874914	-1.33818462397223
chrX	44874765	44874964	-1.54096252482966
chrX	44874815	44875014	-1.5490569200631
chrX	44874865	44875064	-1.82862195730202
chrX	44874915	44875114	-1.27948651850525
chrX	44874965	44875164	-1.63366208094747
chrX	44875015	44875214	-0.154449128117241
chrX	44875065	44875264	-1.34191272167759
chrX	44875115	44875314	0.456049386244023
chrX	44875165	44875364	-1.15958076427704
chrX	44875215	44875414	-0.537932509845012
chrX	44875265	44875464	-0.20968851319305
chrX	44875315	44875514	-1.61249850418086
chrX	44875365	44875564	-0.759155546229784
chrX	44875415	44875614	-0.849229070873846
chrX	44875465	44875664	-0.687842850323072
chrX	44875515	44875714	-1.63032369177275
chrX	44875565	44875764	-1.66986241258839
chrX	44875615	44875814	-2.32416509938291
chrX	44875665	44875864	-1.85314675017812
chrX	44875715	44875914	-1.53235333214293
chrX	44875765	44875964	-1.50520932345147
chrX	44875815	44876014	-1.68461705253009
chrX	44875865	44876064	-1.82496650479447
chrX	44875915	44876114	-1.8708148881868
chrX	44875965	44876164	-1.25383582588841
chrX	44876015	44876214	-1.3324972522097
chrX	44876065	44876264	-1.50394486907764
chrX	44876115	44876314	-0.844706998809087
chrX	44876165	44876364	-1.10820836422837
chrX	44876215	44876414	-0.0205949821123904
chrX	44876265	44876464	-0.505337550969706
chrX	44876315	44876514	-0.542020491323041
chrX	44876365	44876564	-0.664785635967857
chrX	44876415	44876614	-0.302918011738618
chrX	53222460	53222659	-1.41241257073866
chrX	53222510	53222709	-0.616735076750495
chrX	53222560	53222759	-0.569760225884019
chrX	53222610	53222809	-2.18666217563013
chrX	53222660	53222859	-1.19050627070277
chrX	53222710	53222909	-1.13750839642477
chrX	53222760	53222959	-1.12004983042499
chrX	53222810	53223009	-0.520602888795562
chrX	53222860	53223059	-1.52828260480915
chrX	53222910	53223109	-1.06528571236717
chrX	53222960	53223159	-1.32859394697575
chrX	53223010	53223209	-0.154080151504547
chrX	53223060	53223259	-1.22815581110452
chrX	53223110	53223309	-0.837008514418388
chrX	53223160	53223359	0.0728886212212038
chrX	53223210	53223409	1.09448032983499
chrX	53223260	53223459	-0.900084258542385
chrX	53223310	53223509	-0.486135671263784
chrX	53223360	53223559	0.0462621096215322
chrX	53223410	53223609	-0.609288430044489
chrX	53223460	53223659	-0.278965669373172
chrX	53223510	53223709	-1.57612134423793
chrX	53223560	53223759	-1.11654282084758
chrX	53223610	53223809	-0.709995012095558
chrX	53223660	53223859	-0.184155915323751
chrX	53223710	53223909	0.0903580544196211
chrX	53223760	53223959	-0.295934320123743
chrX	53223810	53224009	-0.176463492554698
chrX	53223860	53224059	-0.0231230240903879
chrX	53223910	53224109	-0.448189300715004
chrX	53223960	53224159	0.172496039167553
chrX	53224010	53224209	0.803745349621434
chrX	53224060	53224259	0.578681820082045
chrX	53224110	53224309	-0.556163751278966
chrX	53224160	53224359	-1.39944666439077
chrX	53224210	53224409	-0.652091663430036
chrX	53224260	53224459	-0.650096079036664
chrX	53224310	53224509	-1.6448556488847
chrX	53224360	53224559	-0.386087037660951
chrX	53224410	53224609	-0.637202101165034
chrX	53224460	53224659	-1.43663463121031
chrX	53224510	53224709	-0.739363507931992
chrX	53224560	53224759	-0.640150449434158
chrX	53224610	53224809	-0.288365048013761
chrX	53224660	53224859	0.419645691056391
chrX	53224710	53224909	-0.638201204569284
chrX	53224760	53224959	-0.318970574951704
chrX	53224810	53225009	-0.38546046418612
chrX	53224860	53225059	-0.144251770058886
chrX	53224910	53225109	-0.423730831265727
chrX	53224960	53225159	-0.259307862244873
chrX	53225010	53225209	-0.174418402443841
chrX	53225060	53225259	0.696712873788887
chrX	53225110	53225309	1.20049585271708
chrX	53225160	53225359	1.25774599730058
chrX	53225210	53225409	1.27090715685352
chrX	53225260	53225459	0.146856954899324
chrX	53225310	53225509	0.589091714415739
chrX	53225360	53225559	1.28905071174113
chrX	53225410	53225609	1.47170471768701
chrX	53225460	53225659	1.71222345825238
chrX	53225510	53225709	-0.369656602462377
chrX	53225560	53225759	-1.23348462885471
chrX	53225610	53225809	-1.16015119726295
chrX	53225660	53225859	-1.15521322369997
chrX	53225710	53225909	-0.48081760059981
chrX	53225760	53225959	-1.24432724078335
chrX	53225810	53226009	-2.13564630088675
chrX	53225860	53226059	-2.12369250101242
chrX	72274227	72274426	-0.495862291975128
chrX	72274277	72274476	-0.111947728239351
chrX	72274327	72274526	-0.306353332131417
chrX	72274377	72274576	-0.167406351451505
chrX	72274427	72274626	0.0425007345941749
chrX	72274477	72274676	-1.3808458635143
chrX	72274527	72274726	-1.24262439832454
chrX	72274577	72274776	-0.746207794865407
chrX	72274627	72274826	0.812568050552284
chrX	72274677	72274876	0.427553229668302
chrX	72274727	72274926	0.557936278280798
chrX	72274777	72274976	-1.73619285127164
chrX	72274827	72275026	-1.82171885490083
chrX	72274877	72275076	-2.26862923714487
chrX	72274927	72275126	-1.98851581464208
chrX	72274977	72275176	-0.814641708206442
chrX	72275027	72275226	-0.149595097220691
chrX	72275077	72275276	0.446430811676011
chrX	72275127	72275326	0.173696014490495
chrX	72275177	72275376	-1.07334851826638
chrX	72275227	72275426	-1.0673045531892
chrX	72275277	72275476	-0.641800621150732
chrX	72275327	72275526	-1.36143252012666
chrX	72275377	72275576	-1.46002370705677
chrX	72275427	72275626	-0.677267690898077
chrX	72275477	72275676	-0.523762986615618
chrX	72275527	72275726	-0.0561825092406039
chrX	72275577	72275776	-0.0851120985019202
chrX	72275627	72275826	-0.361346797771483
chrX	72275677	72275876	-0.194638862924301
chrX	72275727	72275926	-1.73364570581211
chrX	72275777	72275976	-1.68731435985215
chrX	72275827	72276026	-1.78057184847328
chrX	72275877	72276076	-1.35528928580375
chrX	72275927	72276126	-1.35557626602893
chrX	72275977	72276176	-1.1117452140504
chrX	72276027	72276226	-1.04657838211882
chrX	72276077	72276276	-0.680684210484505
chrX	72276127	72276326	-0.441817412435485
chrX	72276177	72276376	0.157795156370005
chrX	72276227	72276426	-0.0307753668180931
chrX	72276277	72276476	-1.30298585695905
chrX	72276327	72276526	-0.782979385648645
chrX	72276377	72276576	-1.57564303213824
chrX	72276427	72276626	-1.78339648881553
chrX	72276477	72276676	-2.3802872206037
chrX	72276527	72276726	-1.81060307239517
chrX	72276577	72276776	-2.39712217409009
chrX	72276627	72276826	-0.532249950607778
chrX	72276677	72276876	-1.06815614934331
chrX	72276727	72276926	-1.10018938574412
chrX	72276777	72276976	-0.635815431154792
chrX	72276827	72277026	-1.06806107619222
chrX	72276877	72277076	-1.22135509171577
chrX	72276927	72277126	-1.50785326749991
chrX	72276977	72277176	-0.581143940837118
chrX	72277027	72277226	-2.01146319918179
chrX	72277077	72277276	0.348867525058025
chrX	72277127	72277326	1.79168181587939
chrX	72277177	72277376	1.86258299625016
chrX	72277227	72277426	1.82419784316655
chrX	72277277	72277476	1.81130810832941
chrX	72277327	72277526	1.07571584782226
chrX	72277377	72277576	0.987266414438843
chrX	72277427	72277626	-0.484671768675903
chrY	12661431	12661630	-0.798557864947143
chrY	12661481	12661680	-0.647664426750884
chrY	12661531	12661730	-0.0355971755580883
chrY	12661581	12661780	-0.201882135420824
chrY	12661631	12661830	-0.362267674594809
chrY	12661681	12661880	-0.466111412943792
chrY	12661731	12661930	-0.738829728996389
chrY	12661781	12661980	-1.3582744111224
chrY	12661831	12662030	-0.922957677723951
chrY	12661881	12662080	-0.637460154628707
chrY	12661931	12662130	-0.787536165484984
chrY	12661981	12662180	-0.923287111036157
chrY	12662031	12662230	1.56426731285561
chrY	12662081	12662280	0.64891276525197
chrY	12662131	12662330	1.71076011346795
chrY	12662281	12662480	0.77242436292455
chrY	12662331	12662530	0.101963197868869
chrY	12662381	12662580	-0.0487577420285481
chrY	12662431	12662630	-0.403091266434493
chrY	12662481	12662680	-0.218705588322074
chrY	12662531	12662730	-0.325140375956097
chrY	12662581	12662780	-0.341052565895454
chrY	12662631	12662830	-0.194598443609212
chrY	12662681	12662880	-0.674373592591856
chrY	12662731	12662930	-1.29730039224188
chrY	12662781	12662980	-1.47332104042713
chrY	12662831	12663030	-0.777097537633036
chrY	12662881	12663080	-1.68912525935195
chrY	12662931	12663130	0.555951222558064
chrY	12662981	12663180	-0.221217149683533
chrY	12663031	12663230	-0.448023795060518
chrY	12663081	12663280	-0.302723348936072
chrY	12663131	12663330	-1.26748510360178
chrY	12663181	12663380	-0.560421176770819
chrY	12663231	12663430	-1.07369382114882
chrY	12663281	12663480	-0.929605922436721
chrY	12663331	12663530	-1.26748939924549
chrY	12663381	12663580	-0.572270326059598
chrY	12663431	12663630	-0.248169613296857
chrY	12663481	12663680	-0.461987022023898
chrY	12663531	12663730	-0.876641633859692
chrY	12663581	12663780	-0.799731325197892
chrY	12663631	12663830	-2.11375616563004
chrY	12663681	12663880	-1.75981305938597
chrY	12663731	12663930	-0.219010644973949
chrY	12663781	12663980	0.0305903476423993
chrY	12904115	12904314	-0.426098700911377
chrY	12904165	12904364	-0.375889263444377
chrY	12904215	12904414	-0.0709179273922311
chrY	12904265	12904464	-0.273413857850918
chrY	12904315	12904514	-0.647604958514467
chrY	12904365	12904564	-1.59659012649885
chrY	12904415	12904614	-1.22506516545935
chrY	12904465	12904664	0.262742026569231
chrY	12904515	12904714	1.72838435637861
chrY	12904565	12904764	1.39873435029326
chrY	12904615	12904814	2.29039773045797
chrY	12904665	12904864	2.12600520309709
chrY	12904715	12904914	1.49424745928538
chrY	12904765	12904964	1.63580279947516
chrY	12904815	12905014	-0.81918214913721
chrY	12904865	12905064	-0.590396096020377
chrY	12904915	12905114	-0.959319551239442
chrY	12904965	12905164	-1.21120321544201
chrY	12905015	12905214	-0.83792369173785
chrY	12905065	12905264	-0.887164687998124
chrY	12905115	12905314	0.306458538257263
chrY	12905165	12905364	0.756362918808032
chrY	12905215	12905414	0.594599474929431
chrY	12905265	12905464	0.0916112626284364
chrY	12905315	12905514	-0.794004209980752
chrY	12905365	12905564	0.816612017526819
chrY	12905415	12905614	-0.253414415591934
chrY	12905465	12905664	0.064906097244325
chrY	12905515	12905714	0.692434388775693
chrY	12905565	12905764	0.821336223367921
chrY	12905615	12905814	0.455831972653442
chrY	12905665	12905864	0.51307961406735
chrY	12905715	12905914	-1.97045599299993
chrY	12905765	12905964	-0.0131933078300078
chrY	12905815	12906014	-1.04594047954386
chrY	12905865	12906064	-0.600492025221472
chrY	12905915	12906114	0.111618109719301
chrY	12905965	12906164	-0.955851257880842
chrY	12906015	12906214	-1.21559596918424
chrY	12906065	12906264	-0.627908928422522
chrY	12906115	12906314	-1.02950975900466
chrY	12906165	12906364	-0.961691518844237
chrY	12906215	12906414	0.273152359053352
chrY	12906265	12906464	-0.370398500054459
chrY	12906315	12906514	-1.5051443175375
chrY	12906365	12906564	-0.306342823157252
chrY	12906415	12906614	-0.566212042732286
chrY	12906465	12906664	-1.88387069918103
chrY	12906515	12906714	-1.75670582236751
chrY	12906565	12906764	0.0121112671573423
chrY	12906615	12906814	-0.870934038889346
chrY	12906665	12906864	-1.3853615477265
chrY	12906715	12906914	-1.65482953916397
chrY	12906765	12906964	-1.59279115365926
chrY	12906815	12907014	-1.00379651902479
chrY	12906865	12907064	-0.296107158186917
chrY	12906915	12907114	-1.31789795243077
chrY	12906965	12907164	0.525205220703569
chrY	12907015	12907214	-0.255238760664753
chrY	12907065	12907264	-0.304486572433972
chrY	12907115	12907314	-0.497581823963302
chrY	13477062	13477261	-0.328485875975771
chrY	13477112	13477311	-0.711724539966364
chrY	13477162	13477361	-1.06248618452068
chrY	13477212	13477411	-0.766746596260593
chrY	13477262	13477461	-0.28912801659818
chrY	13477312	13477511	-0.0440247294067891
chrY	13477362	13477561	-0.357766698659112
chrY	13477412	13477611	0.147662387726905
chrY	13477462	13477661	-1.46001889414421
chrY	13477512	13477711	-1.54848832230763
chrY	13477562	13477761	-0.614342445205916
chrY	13477612	13477811	-1.88526331992644
chrY	13477662	13477861	-1.65489668201803
chrY	13477712	13477911	-1.75959445775051
chrY	13477762	13477961	-1.81592337920357
chrY	13477812	13478011	-1.92793573816328
chrY	13477862	13478061	-1.03081769999602
chrY	13477912	13478111	-1.51395625218128
chrY	13477962	13478161	-1.56423567756517
chrY	13478012	13478211	-0.807477817960669
chrY	13478062	13478261	-0.202304796712166
chrY	13478112	13478311	0.171229819789571
chrY	13478162	13478361	-1.17130059733032
chrY	13478212	13478411	-0.727381428629988
chrY	13478262	13478461	-0.0481381214887023
chrY	13478312	13478511	0.442291144823408
chrY	13478362	13478561	-0.56768729381759
chrY	13478412	13478611	-0.296351014005752
chrY	13478462	13478661	0.795708196836894
chrY	13478512	13478711	0.430714060447272
chrY	13478562	13478761	-0.241353509831809
chrY	13478612	13478811	0.0685857869351135
chrY	13478662	13478861	0.371491860105907
chrY	13478712	13478911	-0.0753348939721672
chrY	13478762	13478961	-1.4759580033776
chrY	13478812	13479011	-1.8379121658746
chrY	13478862	13479061	-0.760537256180197
chrY	13478912	13479111	-0.282863600857969
chrY	13478962	13479161	-1.25479955646254
chrY	13479012	13479211	-0.944496890555842
chrY	13479062	13479261	-1.07869710665602
chrY	13479112	13479311	-0.476939872989234
chrY	13479162	13479361	0.0087314894204226
chrY	13479212	13479411	0.405377297784882
chrY	13479262	13479461	0.0485443470746107
chrY	13479312	13479511	0.494915586224346
chrY	13479362	13479561	-0.387477038416961
chrY	13479412	13479611	-1.17925476080863
chrY	13479462	13479661	-0.294225664506886
chrY	13479512	13479711	0.224167888526497
chrY	13479562	13479761	-0.146097747789649
chrY	13479612	13479811	-0.221861969630358
chrY	13479662	13479861	-0.302211949689276
chrY	13479712	13479911	-0.389854034275786
chrY	13479762	13479961	-1.08242736079742
chrY	13479812	13480011	-1.65610044718579
chrY	13479862	13480061	0.148928951550305
chrY	13479912	13480111	0.675258000241955
chrY	13479962	13480161	1.68405445500994
chrY	13480012	13480211	1.6777085205074
chrY	13480062	13480261	0.835562091689689
chrY	13480112	13480311	-0.445806113590496
chrY	13480162	13480361	-0.302900484477311
chrY	13480212	13480411	-1.01679264356392
chrY	13480262	13480461	-0.322590527418719
chrY	13480312	13480511	-1.0856867411666
chrY	13480362	13480561	-1.1927132918156
chrY	13703487	13703686	-1.2857667320344
chrY	13703537	13703736	-0.631080345002218
chrY	13703587	13703786	-0.217593261907232
chrY	13703637	13703836	-0.400601172686672
chrY	13703687	13703886	-0.0942701473374437
chrY	13703737	13703936	-0.0502187215753011
chrY	13703787	13703986	0.0276824384913072
chrY	13703837	13704036	0.345536021798541
chrY	13703887	13704086	0.0906656574242952
chrY	13703937	13704136	-0.251039390281321
chrY	13703987	13704186	-0.629242518247543
chrY	13704037	13704236	-0.860792088946804
chrY	13704087	13704286	-1.14784973379015
chrY	13704137	13704336	-0.435893496184051
chrY	13704187	13704386	-0.563201262025524
chrY	13704237	13704436	-0.365144464624005
chrY	13704287	13704486	-0.722918261558492
chrY	13704337	13704536	-0.358499473286664
chrY	13704387	13704586	0.383717609169898
chrY	13704437	13704636	-0.388163495201569
chrY	13704487	13704686	-1.05414373393929
chrY	13704537	13704736	-1.02039116570861
chrY	13704587	13704786	-0.501524919273551
chrY	13704637	13704836	0.031243676360945
chrY	13704687	13704886	-0.969505586834444
chrY	13704737	13704936	-2.02496079526045
chrY	19566258	19566457	-1.95384244092157
chrY	19566308	19566507	-1.51510623422536
chrY	19566358	19566557	-0.107943326340758
chrY	19566408	19566607	-0.375941990002406
chrY	19566458	19566657	-0.804212811547905
chrY	19566508	19566707	-0.302600810823575
chrY	19566558	19566757	-0.378045185085841
chrY	19566608	19566807	-0.451762707147901
chrY	19566658	19566857	-1.00526784441719
chrY	19566708	19566907	-1.18726660114809
chrY	19566758	19566957	-1.74913560565273
chrY	19566808	19567007	-1.01134159214242
chrY	19566858	19567057	-0.0255010272727318
chrY	19566908	19567107	-0.302104991751422
chrY	19566958	19567157	0.51827796446987
chrY	19567008	19567207	0.182556107461021
chrY	19567058	19567257	-0.687785314187382
chrY	19567108	19567307	1.43981064583364
chrY	19567158	19567357	1.52815570244839
chrY	19567208	19567407	1.35834306448597
chrY	19567258	19567457	1.70447168194581
chrY	19567308	19567507	-0.427015076860347
chrY	19567358	19567557	-0.0537614680894248
chrY	19567408	19567607	-0.451416914021725
chrY	19567458	19567657	-1.10882679449384
chrY	19567508	19567707	-1.53839281273828
chrY	19567558	19567757	-1.83676436986003
chrY	19567608	19567807	-0.495912788839281
chrY	19567658	19567857	0.0269393418827631
chrY	19567708	19567907	0.0500224441797933
chrY	19567758	19567957	-0.0246885684795621
chrY	19567808	19568007	-0.201401634135855
chrY	19567858	19568057	-0.560935800110886
chrY	19567908	19568107	-0.654948573936774
chrY	19567958	19568157	-0.831243640032782
chrY	19568008	19568207	-0.802632747702342
chrY	19568058	19568257	-1.11068408933946
chrY	19568108	19568307	-0.356947547465211
chrY	19568158	19568357	-0.253857646827045
chrY	19568208	19568407	-0.583236627891969
chrY	19568258	19568457	-0.836678580569825
chrY	19568308	19568507	-0.930027654884555
chrY	19568358	19568557	-1.42922231568683
chrY	19568408	19568607	-1.81223735128351
chrY	19568458	19568657	-1.42146476887877
chrY	19568508	19568707	-1.06777740206642
chrY	19568558	19568757	-0.30549518078665
chrY	19568608	19568807	0.0546470092454668
chrY	19568658	19568857	-0.12010013537528
chrY	19568708	19568907	-0.237551817859266
chrY	19568758	19568957	-1.37723327215461
chrY	19568808	19569007	-2.05263861305019
chrY	19568858	19569057	-2.60352242110694
chrY	19743383	19743582	0.215092192657763
chrY	19743433	19743632	0.0846794051378767
chrY	19743483	19743682	-0.0160826833611723
chrY	19743533	19743732	-0.801881634743973
chrY	19743583	19743782	-0.63120588940563
chrY	19743633	19743832	-0.680715506861388
chrY	19743683	19743882	-0.251327316648437
chrY	19743733	19743932	-0.730019633420196
chrY	19743783	19743982	-1.71349862789199
chrY	19743833	19744032	-1.91357512219582
chrY	19743883	19744082	-1.84855563297256
chrY	19743933	19744132	-1.20933534060904
chrY	19743983	19744182	-0.498548487876882
chrY	19744033	19744232	-1.04344683240223
chrY	19744083	19744282	-1.67759040192922
chrY	19744133	19744332	-0.734400752756928
chrY	19744183	19744382	-1.79418773205892
chrY	19744233	19744432	-0.800289574784456
chrY	19744283	19744482	-0.803483971047027
chrY	19744333	19744532	-0.482002931278914
chrY	19744383	19744582	0.897541835472214
chrY	19744433	19744632	0.229317957493074
chrY	19744483	19744682	-0.183664846103749
chrY	19744533	19744732	-0.363897897718247
chrY	19744583	19744782	-0.159737354463516
chrY	19744633	19744832	-0.242429623202784
chrY	19744683	19744882	-0.435474432014375
chrY	19744733	19744932	-0.258729930046289
chrY	19744783	19744982	-0.2719956612321
chrY	19744833	19745032	0.211861566709173
chrY	19744883	19745082	0.652695273656522
chrY	19744933	19745132	0.0343216543136319
chrY	19744983	19745182	-0.471316178495328
chrY	19745033	19745232	-0.147562517262764
chrY	19745083	19745282	-0.846260762914419
chrY	19745133	19745332	-1.1308848205208
chrY	19745183	19745382	-1.91611026475471
chrY	19745233	19745432	-2.30836684048877
chrY	19745283	19745482	-1.09045908762635
chrY	19745333	19745532	-1.93138859736749
chrY	19745383	19745582	-1.61040975228341
chrY	19745433	19745632	-2.09956320053441
chrY	19745483	19745682	-1.71255320002543
chrY	19745533	19745732	-2.07877058270696
chrY	19745583	19745782	-1.98795414248831
chrY	19745633	19745832	-0.814589963769268
chrY	19745683	19745882	-0.878958059886344
chrY	19745733	19745932	-1.14413831677814
chrY	19745783	19745982	-1.23113044206745
chrY	19745833	19746032	-2.15562141757538
chrY	20574638	20574837	-0.817799777127475
chrY	20574688	20574887	-1.07399400444098
chrY	20574738	20574937	-1.4703856175401
chrY	20574788	20574987	-1.83264812080974
chrY	20574838	20575037	-1.2677409033835
chrY	20574888	20575087	-0.883293009018336
chrY	20574938	20575137	-1.96528818292157
chrY	20574988	20575187	-1.37885724500732
chrY	20575038	20575237	-0.217816824205063
chrY	20575088	20575287	-1.1729931219307
chrY	20575138	20575337	-0.541505406370135
chrY	20575188	20575387	-1.35450277156252
chrY	20575238	20575437	-0.649291139096281
chrY	20575288	20575487	-1.32649280464505
chrY	20575338	20575537	-0.72269405382927
chrY	20575388	20575587	1.83177331847322
chrY	20575438	20575637	1.59900628223401
chrY	20575488	20575687	1.79016770237204
chrY	20575538	20575737	2.13236228716618
chrY	20575588	20575787	1.7737491133726
chrY	20575638	20575837	1.52222125516393
chrY	20575688	20575887	0.889363670497997
chrY	20575738	20575937	-0.601596589109006
chrY	20575788	20575987	-0.224773972429816
chrY	20575838	20576037	-0.204526826533973
chrY	20575888	20576087	-0.213350188063202
chrY	20575938	20576137	-0.0338995701109477
chrY	20575988	20576187	-0.548733983843571
chrY	20576038	20576237	-1.24237644982649
chrY	20576088	20576287	-0.798877790669088
chrY	20576138	20576337	-0.814321762662486
chrY	20576188	20576387	0.0126811584700799
chrY	20576238	20576437	-1.31659827253079
chrY	20576288	20576487	-2.09998276143748
chrY	20576338	20576537	-1.52011832358315
chrY	20576388	20576587	-1.88586526788251
chrY	20576438	20576637	-1.21947407945624
chrY	20576488	20576687	-0.440316710325603
chrY	20576538	20576737	-1.46243090038631
chrY	20576588	20576787	-0.29623976285633
chrY	20576638	20576837	-0.333056248543807
chrY	20576688	20576887	-0.928680177314212
chrY	20576738	20576937	-1.26725336853884
chrY	20576788	20576987	-1.06869042938101
chrY	20576838	20577037	-1.39284345469184
chrY	20576888	20577087	-1.48402761835524
chrY	20576938	20577137	-0.349361386482339
chrY	20576988	20577187	-1.51425427590234
chrY	20577038	20577237	-0.167552320363969
chrY	2841071	2841270	-0.672102059650349
chrY	2841121	2841320	-0.0777693875108947
chrY	2841171	2841370	-0.56973827898538
chrY	2841221	2841420	-0.209918996916466
chrY	2841271	2841470	-0.65860660922006
chrY	2841321	2841520	-0.492456359374532
chrY	2841371	2841570	1.17128765434983
chrY	2841421	2841620	1.56316012083649
chrY	2841471	2841670	2.113471267927
chrY	2841521	2841720	1.6163860517967
chrY	2841571	2841770	-0.279733479031421
chrY	2841621	2841820	-1.46715165708046
chrY	2841671	2841870	-0.685124049075767
chrY	2841721	2841920	-0.463372907151678
chrY	2841771	2841970	-0.185521375806281
chrY	2841821	2842020	0.0663261929752397
chrY	2841871	2842070	-0.675338500307442
chrY	2841921	2842120	-0.984515087905718
chrY	2841971	2842170	0.172155519498959
chrY	2842021	2842220	0.314801784646374
chrY	2842071	2842270	-0.774912234250691
chrY	2842121	2842320	-0.495769733373208
chrY	2842171	2842370	-0.699945930349997
chrY	2842221	2842420	-1.38770582006763
chrY	2842271	2842470	-0.664743917115196
chrY	2842321	2842520	0.35198435770392
chrY	2842371	2842570	-1.66020856310756
chrY	2842421	2842620	-1.86531255915571
chrY	2842471	2842670	-1.82447997989283
chrY	2842521	2842720	-1.57824585760699
chrY	2842571	2842770	-1.46466433341397
chrY	2842621	2842820	-0.991992633422109
chrY	2842671	2842870	-0.512421950894531
chrY	2842721	2842920	-0.619541909725061
chrY	2842771	2842970	-1.05616613302054
chrY	2934071	2934270	-0.697402893413982
chrY	2934121	2934320	-0.869407335223439
chrY	2934171	2934370	-0.689421532918428
chrY	2934221	2934420	-1.14328447049044
chrY	2934271	2934470	0.0539272924208806
chrY	2934321	2934520	-0.987552784910159
chrY	2934371	2934570	-1.28485523622358
chrY	2934421	2934620	-0.667982659082127
chrY	2934471	2934670	-0.898276002912624
chrY	2934521	2934720	-1.87959634847636
chrY	2934571	2934770	-1.17783933953527
chrY	2934621	2934820	-0.135965911774247
chrY	2934671	2934870	-0.406897927321728
chrY	2934721	2934920	-1.23023223165658
chrY	2934771	2934970	-1.35058059036181
chrY	2934821	2935020	-1.09154933662756
chrY	2934871	2935070	-1.04254992855853
chrY	2934921	2935120	-0.770218111036661
chrY	2934971	2935170	-0.0423331764968512
chrY	2935021	2935220	-0.158179679608031
chrY	2935071	2935270	-0.0932054526034952
chrY	2935121	2935320	-0.0286736950692809
chrY	2935171	2935370	0.936476243413659
chrY	2935221	2935420	1.0785219684154
chrY	2935271	2935470	0.65240161472132
chrY	2935321	2935520	0.299590270108849
chrY	2935471	2935670	-0.881725557884149
chrY	2935521	2935720	-0.768598597613448
chrY	2935571	2935770	-0.391598956250621
chrY	2935621	2935820	-0.368013990028141
chrY	2935671	2935870	-0.122831121321718
chrY	2935721	2935920	0.298282814970306
chrY	2935771	2935970	0.6048224210556
chrY	2935821	2936020	0.875627600993981
chrY	2935871	2936070	1.35892828833469
chrY	2935921	2936120	0.538478237811187
chrY	2935971	2936170	0.593247029798385
chrY	2936021	2936220	-0.236271232478366
chrY	2936071	2936270	-0.825808898215845
chrY	2936121	2936320	-0.889708283828378
chrY	2936171	2936370	-0.704925262313355
chrY	2936221	2936420	-0.685861214062114
chrY	2936271	2936470	-1.10045012329736
chrY	2936321	2936520	-1.24319732732814
chrY	2936371	2936570	0.026955227316748
chrY	2936421	2936620	-0.971716690688541
chrY	2936471	2936670	-1.36301434303607
chrY	2936521	2936720	-1.19990787128896
chrY	2936571	2936770	-0.553908621730728
chrY	2936621	2936820	-1.08346849089246
chrY	2936671	2936870	-1.12804330415635
chrY	2936721	2936920	-0.487616597104256
chrY	2936771	2936970	-1.00574152406825
chrY	2936821	2937020	-1.57479317561064
chrY	2936871	2937070	-1.9224627263552
chrY	2936921	2937120	-1.9712113143127
chrY	2936971	2937170	-1.26178320179769
chrY	2937021	2937220	-1.63325458214653
chrY	2937071	2937270	-0.981723962908561
chrY	2937121	2937320	-0.580532371975534
chrY	2937171	2937370	-0.591802396992441
chrY	2937221	2937420	-0.545854661677624
chrY	2937271	2937470	-0.252848960028227
chrY	9466673	9466872	-0.402515597974499
chrY	9466723	9466922	1.85914807791397
chrY	9466773	9466972	1.64224744966632
chrY	9466823	9467022	1.47618149295845
chrY	9466873	9467072	1.62472095597876
chrY	9466923	9467122	1.55751943394762
chrY	9466973	9467172	0.892149514745746
chrY	9467023	9467222	1.10582346361612
chrY	9467073	9467272	0.957717989816174
chrY	9467123	9467322	0.357233871356489
chrY	9467173	9467372	-0.154883349105221
chrY	9467223	9467422	0.118304632809537
chrY	9467273	9467472	-0.235629612130322
chrY	9467323	9467522	0.125358761160749
chrY	9467373	9467572	0.0727905998020903
chrY	9467423	9467622	0.31302741145444
cmv	1	200	6.09826847253002
cmv	101	300	6.29289273954592
cmv	151	350	4.68875715941456
cmv	201	400	4.30867903486071
cmv	251	450	4.20683149293537
cmv	301	500	5.12533513757632
cmv	51	250	7.00049546889552
